       澳网     法网    温网    美网     奥
2007	8	32	16	4	
2008	2	16	4	1	3
2009	4	8	4	1	
2010	4	2	8	4	
2011	8	8	2	4	
2012	1	2	8	1	1
2013	1	8	4	1	
					
2014	1	1	1	1	
2015	1	1	1	1	
2016	1	1	1	1	1
2017	1	1	1	1	
2018	1	1	1	1	
2019	1	1	1	1	
2020	2	4	4	1	1
2021	4	8	4	1	
2022	1	4	4	1	
2023	1	4	4	1	
2024	1	1	1	1	1
2025	2	4	2	1	
2026	1	16	8	1	
2027	16	8	2	1	
2028	1	1	1	1	1
2029	4	4	16	1	
2030	1	16	8	1	
					
	14	8	8	21	
	3	2	3	0	
	17	10	11	21	
					
	1	51			
	2	8			
	4	19			
	8	11			
	16	6			
	32	1			
						
序号	  时间	         项目	        备注
1	6:30-7:30	喂奶(180)	添加锌
2	8:30-9:30	喂AD	
3	10:00-10:30	辅食	
4	10:30-11:00	喂奶(150)	添加铁
5	13:30-14:00	喂奶(150)	添加益生菌(奶温37度)
6	15:30-16:00	辅食	
7	16:30-17:00	喂奶(150)	添加益生菌(奶温37度)
8	19:00-19:30	喂奶(150)	添加益生菌(奶温37度)
9	21:30-22:00	喂奶(180)	添加益生菌(奶温37度)

宝宝属于过敏体质，换纸尿裤、衣服时需要密切观察宝宝是否起红疹等过敏反应，有这些现象时需要抹地奈德软膏			

